 0000 78901234567890123456789012345678901234567890123456789012
 0040 78901234567890123456789012345678901234567890123456789012
 0080 78901234567890123456789012345678901234567890123456789012
 00C0 78901234567890123456789012345678901234567890123456789012
 0100 78901234567890123456789012345678901234567890123456789012
 0140 78901234567890123456789012345678901234567890123456789012
 0180 78901234567890123456789012345678901234567890123456789012
 01C0 78901234567890123456789012345678901234567890123456789012
 0200 78901234567890123456789012345678901234567890123456789012
 0240 78901234567890123456789012345678901234567890123456789012
 0280 78901234567890123456789012345678901234567890123456789012
 02C0 78901234567890123456789012345678901234567890123456789012
 0300 78901234567890123456789012345678901234567890123456789012
 0340 78901234567890123456789012345678901234567890123456789012
 0380 78901234567890123456789012345678901234567890123456789012
 03C0 78901234567890123456789012345678901234567890123456789012
 0400 78901234567890123456789012345678901234567890123456789012
 0440 78901234567890123456789012345678901234567890123456789012
 0480 78901234567890123456789012345678901234567890123456789012
 04C0 78901234567890123456789012345678901234567890123456789012
 0500 78901234567890123456789012345678901234567890123456789012
 0540 78901234567890123456789012345678901234567890123456789012
 0580 78901234567890123456789012345678901234567890123456789012
 05C0 78901234567890123456789012345678901234567890123456789012
 0600 78901234567890123456789012345678901234567890123456789012
 0640 78901234567890123456789012345678901234567890123456789012
 0680 78901234567890123456789012345678901234567890123456789012
 06C0 78901234567890123456789012345678901234567890123456789012
 0700 78901234567890123456789012345678901234567890123456789012
 0740 78901234567890123456789012345678901234567890123456789012
 0780 78901234567890123456789012345678901234567890123456789012
 07C0 78901234567890123456789012345678901234567890123456789012
 0800 78901234567890123456789012345678901234567890123456789012
 0840 78901234567890123456789012345678901234567890123456789012
 0880 78901234567890123456789012345678901234567890123456789012
 08C0 78901234567890123456789012345678901234567890123456789012
 0900 78901234567890123456789012345678901234567890123456789012
 0940 78901234567890123456789012345678901234567890123456789012
 0980 78901234567890123456789012345678901234567890123456789012
 09C0 78901234567890123456789012345678901234567890123456789012
 0A00 78901234567890123456789012345678901234567890123456789012
 0A40 78901234567890123456789012345678901234567890123456789012
 0A80 78901234567890123456789012345678901234567890123456789012
 0AC0 78901234567890123456789012345678901234567890123456789012
 0B00 78901234567890123456789012345678901234567890123456789012
 0B40 78901234567890123456789012345678901234567890123456789012
 0B80 78901234567890123456789012345678901234567890123456789012
 0BC0 78901234567890123456789012345678901234567890123456789012
 0C00 78901234567890123456789012345678901234567890123456789012
 0C40 78901234567890123456789012345678901234567890123456789012
 0C80 78901234567890123456789012345678901234567890123456789012
 0CC0 78901234567890123456789012345678901234567890123456789012
 0D00 78901234567890123456789012345678901234567890123456789012
 0D40 78901234567890123456789012345678901234567890123456789012
 0D80 78901234567890123456789012345678901234567890123456789012
 0DC0 78901234567890123456789012345678901234567890123456789012
 0E00 78901234567890123456789012345678901234567890123456789012
 0E40 78901234567890123456789012345678901234567890123456789012
 0E80 78901234567890123456789012345678901234567890123456789012
 0EC0 78901234567890123456789012345678901234567890123456789012
 0F00 78901234567890123456789012345678901234567890123456789012
 0F40 78901234567890123456789012345678901234567890123456789012
 0F80 78901234567890123456789012345678901234567890123456789012
 0FC0 78901234567890123456789012345678901234567890123456789012
 1000 78901234567890123456789012345678901234567890123456789012
 1040 78901234567890123456789012345678901234567890123456789012
 1080 78901234567890123456789012345678901234567890123456789012
 10C0 78901234567890123456789012345678901234567890123456789012
 1100 78901234567890123456789012345678901234567890123456789012
 1140 78901234567890123456789012345678901234567890123456789012
 1180 78901234567890123456789012345678901234567890123456789012
 11C0 78901234567890123456789012345678901234567890123456789012
 1200 78901234567890123456789012345678901234567890123456789012
 1240 78901234567890123456789012345678901234567890123456789012
 1280 78901234567890123456789012345678901234567890123456789012
 12C0 78901234567890123456789012345678901234567890123456789012
 0300 78901234567890123456789012345678901234567890123456789012
 0340 78901234567890123456789012345678901234567890123456789012
 0380 78901234567890123456789012345678901234567890123456789012
 03C0 78901234567890123456789012345678901234567890123456789012
 0400 78901234567890123456789012345678901234567890123456789012
 0440 78901234567890123456789012345678901234567890123456789012
 0480 78901234567890123456789012345678901234567890123456789012
 04C0 78901234567890123456789012345678901234567890123456789012
 0500 78901234567890123456789012345678901234567890123456789012
 0540 78901234567890123456789012345678901234567890123456789012
 0580 78901234567890123456789012345678901234567890123456789012
 05C0 78901234567890123456789012345678901234567890123456789012
 0600 78901234567890123456789012345678901234567890123456789012
 0640 78901234567890123456789012345678901234567890123456789012
 0680 78901234567890123456789012345678901234567890123456789012
 06C0 78901234567890123456789012345678901234567890123456789012
 0700 78901234567890123456789012345678901234567890123456789012
 0740 78901234567890123456789012345678901234567890123456789012
 0780 78901234567890123456789012345678901234567890123456789012
 07C0 78901234567890123456789012345678901234567890123456789012
 0800 78901234567890123456789012345678901234567890123456789012
 0840 78901234567890123456789012345678901234567890123456789012
 0880 78901234567890123456789012345678901234567890123456789012
 08C0 78901234567890123456789012345678901234567890123456789012
 0900 78901234567890123456789012345678901234567890123456789012
 0940 78901234567890123456789012345678901234567890123456789012
 0980 78901234567890123456789012345678901234567890123456789012
 09C0 78901234567890123456789012345678901234567890123456789012
 0A00 78901234567890123456789012345678901234567890123456789012
 0A40 78901234567890123456789012345678901234567890123456789012
 0A80 78901234567890123456789012345678901234567890123456789012
 0AC0 78901234567890123456789012345678901234567890123456789012
 0B00 78901234567890123456789012345678901234567890123456789012
 0B40 78901234567890123456789012345678901234567890123456789012
 0B80 78901234567890123456789012345678901234567890123456789012
 0BC0 78901234567890123456789012345678901234567890123456789012
 0C00 78901234567890123456789012345678901234567890123456789012
 0C40 78901234567890123456789012345678901234567890123456789012
 0C80 78901234567890123456789012345678901234567890123456789012
 0CC0 78901234567890123456789012345678901234567890123456789012
 0D00 78901234567890123456789012345678901234567890123456789012
 0D40 78901234567890123456789012345678901234567890123456789012
 0D80 78901234567890123456789012345678901234567890123456789012
 0DC0 78901234567890123456789012345678901234567890123456789012
 1E00 78901234567890123456789012345678901234567890123456789012
 1E40 78901234567890123456789012345678901234567890123456789012
 1E80 78901234567890123456789012345678901234567890123456789012
 1EC0 78901234567890123456789012345678901234567890123456789012
 1F00 78901234567890123456789012345678901234567890123456789012
 1F40 78901234567890123456789012345678901234567890123456789012
 1F80 78901234567890123456789012345678901234567890123456789012
 1FC0 78901234567890123456789012345678901234567890123456789012
